5.78418 -4.95122 249.019
197.985 -154.836 86.9388
-13.2408 80.1504 135.461
-37.7263 -25.9085 192.584
64.3676 86.1683 98.2147
-4.23399 -50.2509 240.297
63.7475 149.67 113.67
24.6537 -36.9408 113.663
-0.340591 25.6509 94.6312
49.1979 15.2666 -127.258
98.1376 -12.2208 257.974
31.2972 22.3188 -49.5024
264.657 44.9255 20.5391
-63.5713 -237.958 21.9172
13.1554 -7.72502 84.694
-94.8942 -90.3862 179.615
3.06623 -3.30596 -6.6963
-0.586422 10.1813 -127.485
179.263 83.0028 287.524
5.28563 -132.63 105.176
124.588 -232.925 -13.9885
-252.481 108.859 38.9442
59.1102 11.6565 213.418
-91.5852 37.5793 230.689
75.8851 -48.2523 -83.2283
12.7488 124.849 -19.2275
21.8973 11.5881 14.0385
15.1321 68.7006 333.746
134.487 -201.513 105.258
126.057 -128.874 -40.598
95.6446 -58.465 10.4331
-3.95772 -28.6722 -50.9785
-105.042 107.39 89.3442
33.3514 15.4424 78.2625
14.5581 -31.08 173.285
-6.37431 38.5854 108.754
-29.8634 -120.284 283.612
-106.821 58.9701 221.189
-30.0542 55.0118 130.084
116.542 -47.8196 -53.8626
38.6329 95.3523 -43.0436
-9.39772 60.1955 302.908
-14.1927 -138.989 75.2887
92.2859 -53.0987 227.451
-41.4786 3.31005 -29.8063
-44.6989 -156.174 205.864
1.62801 -52.5336 90.747
-6.82229 46.3896 73.8204
-103.172 140.686 245.529
112.394 3.98105 120.849
