-29.7696 -37.7203 9.9935
-68.2544 40.0799 -13.438
-121.888 -85.3037 197.468
-24.2464 36.3305 60.8525
-58.6138 191.884 -85.1515
-49.5404 -35.9941 117.133
-16.5745 -44.2495 224.143
-57.7126 -17.9088 -87.4287
-106.883 -73.4017 -4.4006
-21.3049 -89.1799 115.383
0.616954 -15.4809 244.978
-28.5637 62.4128 126.139
47.1762 -63.1503 121.367
-21.3425 -14.3806 27.1742
46.3492 79.7368 132.507
-57.8911 23.7539 128.73
-141.002 -43.7544 65.7435
-60.706 85.9289 278.358
5.35002 24.2894 133.138
-78.1138 48.7039 145.712
27.5266 4.42233 224.994
-5.4041 -0.383313 -35.6384
48.2622 42.058 178.456
-13.7119 -36.6073 101.699
-34.8921 -25.3513 162.332
82.5226 -69.3826 -119.445
10.4687 23.4201 -128.672
-1.94724 10.11 163.002
77.8422 16.0675 263.41
61.7638 -117.97 213.205
7.22236 -125.393 301.308
-28.2081 -32.66 -84.9056
82.6752 -49.5373 163.518
85.3684 6.05518 66.1128
9.7496 70.632 126.751
-19.0523 -252.854 182.672
-21.0375 15.8605 64.8536
-35.2432 -23.7469 39.8223
2.54441 -0.691825 73.2299
-49.1407 -109.936 103.272
16.04 11.8723 183.536
23.781 -136.432 322.522
-55.6992 -141.049 51.8374
22.0834 85.6968 103.029
85.3502 -10.6284 248.448
1.42095 -107.016 -47.1809
0.5099 -115.212 92.3819
16.0221 4.97182 279.791
3.03962 1.60858 -78.7763
-161.77 14.3516 187.212
